0.2581591655316401
0.2318870310795895
0.2165368552305629
0.2540893745897985
0.2304774703202611
0.2413825031840580
0.2390413108125066
0.2690225916789482
0.2396220959661927
0.2827412581824067
0.2586532386193079
0.3026958044498312
0.3164335245206675
0.3028104207900054
0.3342859760119137
0.3486212740309388
0.3081133767958466
0.2619038357573189
0.2698720074719104
0.2357696987380875
0.2481015369667404
0.2208266087180873
0.2191474695106436
0.2361888862514189
0.1900396652996046
0.1784747048085089
0.1803725085666391
0.2076797927876616
0.2466209209870536
0.2865884909928877
0.2918083145804069
0.3629886752256388
0.3461744254712024
0.3538928073164038
0.3812096655442696
0.3226279481781437
0.2559263508820356
0.2669619667137948
0.2367066874920734
0.2563852602791457
0.2843409034380070
0.2635453497231733
0.2670665555970984
0.3191073542935402
0.2934139699664257
0.3091675830711627
0.3297671093871113
0.2980086800704266
0.2742833167334630
0.2272382949044495
0.2769246606342751
0.3314514925316214
0.2595109699034828
0.2393959002448924
0.3148933179918392
0.3106986324216848
0.2354247279079918
0.2547900575667115
0.3165677617514143
0.2596382199396584
0.2126364303998017
0.2533710951640005
0.2659453385384383
0.2001304398432510
0.1808061341565262
0.1577672534008084
0.1835763285485215
0.1929272636117262
0.2563014787847168
0.2357890850158935
0.1891683019732352
0.2138508336707324
0.2109086154388529
0.2620316621244329
0.2380764214731931
0.2376749043682410
0.3110843467589030
0.3199753582323930
0.2687209837778957
0.3098507598992770
0.3899723293719043
0.3313637197027979
0.2938641482731222
0.3740579737692122
0.3901192427387338
0.3030740945543491
0.3082439912732879
0.3881841146125216
0.3369232127735079
0.2720012556543362
0.3108074245473126
0.3548088979867461
0.3115599638626263
0.3210279233895251
0.4195908945508496
0.4366943067288234
0.3686829424336082
0.4053815936988380
0.5152982150300975
0.4636358685512272
0.3911113326426627
0.4597816696202587
0.5471102771838667
0.4808606840557043
0.5262291956449878
0.4319485095202159
0.3930623108030934
0.3685961262653725
0.4677797730507964
0.5077500976972988
0.4162807707248799
0.4006810981733668
0.5017563368645520
0.5906974534652329
0.5071796521640142
0.4575284800008483
0.5547939152745223
0.5828339775508236
0.4652385902860349
0.4587366880447231
0.5505615811360871
0.5062966834538472
0.4050592828043575
0.4247374991374553
0.4591853014689761
0.3829997616560626
0.3313826930539329
0.3629558508079039
0.3419884234335675
0.2709091196306146
0.2801699909129141
0.3173156774031259
0.2612022109012424
0.2495527788000493
0.2159396567842360
0.1765358408821488
0.1712434327066168
0.1413493050715553
0.1361383734587356
0.1096677749230275
0.0896221588536850
0.0830652472738573
0.1061137552990973
0.1248438221689370
0.1533858587093810
0.1814626406303838
0.2186570692651155
0.2352356481451362
0.2912352718853340
0.2923392606012427
0.3473959908322475
0.3613438722109945
0.3439092038913515
0.3809918093134002
0.4825273880356061
0.5194799615486070
0.6364565199806589
0.6622952032466005
0.7679966042844676
0.7591819915198409
0.7162824824760985
0.7754131406062611
0.8045882057818506
0.7422771294098622
0.6840359659343438
0.7567706020317218
0.8691576789325163
0.7493291876115686
0.6883547317054930
0.7508995241224443
0.7218646202434131
0.6223482819614650
0.5764144237502201
0.5523466482191921
0.5381323757915917
0.4682879440994901
0.4302754785994342
0.4059228519613794
0.3642408673960680
0.4106501767717320
0.4107562328986004
0.4855173016191693
0.4765485562138189
0.5729567465854405
0.5661360500617294
0.6144218378641388
0.6122852057468837
0.4920737209577134
0.5105093941156695
0.5621672740187682
0.5254919880416459
0.4586103729478211
0.5138621676525215
0.5677963910230619
0.4537495783523349
0.4053318138550616
0.4620739120932417
0.4380231578439719
0.3374873474542673
0.3483957379455798
0.3773353502561296
0.2930972022666447
0.2551242347915536
0.2828250642754718
0.2446428778575913
0.2993664524038586
0.2563897753053888
0.2566331604079899
0.3001146803039001
0.3634531328118483
0.4394509279434976
0.4249291237138150
0.4835534695114306
0.4481171788225878
0.4545844472481055
0.4138953539409085
0.4098551388295488
0.4436412571589581
0.3545698651625643
0.3302564779647563
0.3879688255315018
0.4609881649405914
0.3788473014235756
0.3360284564272883
0.4062624284922577
0.4087550519910746
0.3133679361395332
0.2972001953556973
0.2442540493201867
0.2671325658281763
0.3513344151018983
0.3512356233670902
0.4384107118764514
0.5151670419849833
0.6250027715459051
0.6611460578919000
0.7629271049255980
0.6926480001854198
0.5813855234300626
0.5065969095578764
0.4239540626427009
0.4606384415054324
0.4907016397863587
0.3857339366328022
0.3698606921948040
0.4313626379605265
0.3836659222436173
0.3071963969620187
0.3171566680198377
0.3298206403080212
0.2676228917723368
0.2312638099821105
0.2399448800816461
0.2565610752151587
0.2738733806913011
0.3384283244783076
0.3896503664390006
0.4582479864594664
0.5408862517728508
0.5968901947532537
0.7051321113962601
0.6704250143495034
0.6332303962615738
0.6024240741750831
0.5304020787082224
0.5412417373518082
0.4509603559857290
0.4298891832315054
0.3433006258733008
0.2922733731580807
0.2254469125402597
0.1731161257854434
0.1670185030559044
0.2174536334676188
0.2038389177804782
0.2080143383470131
0.2175100995851356
0.2696804536720931
0.3024408298728672
0.2978326657662425
0.3265285121256100
0.3949814820063337
0.4128825960105851
0.4099688568188832
0.4746204377939675
0.5390271602652317
0.5467069867214069
0.5182311920861669
0.5789667309429093
0.6279165676253518
0.5582995202017406
0.6014380413993148
0.6886644755557656
0.7646522138555242
0.7679563554248160
0.7049670640122592
0.6493408299037449
0.5466698248587951
0.5101862021660752
0.4220107664119623
0.3821349029467467
0.3111081942048548
0.2585309220131102
0.1993828409170133
0.1528122061279579
0.1294080448379091
0.1593106399516303
0.1825098913669383
0.1493959167661277
0.1536298713719086
0.2136329199522657
0.2191692265520369
0.1745454896860138
0.2060247450318103
0.2724565615338684
0.2355129010024446
0.2018206972306460
0.2602606057601377
0.2953822252035533
0.2254785222207947
0.2266716154866862
0.2966083105965515
0.2733605426992989
0.3059405107597680
0.2806188008324317
0.2811599329951435
0.3552875942692422
0.2940336891829096
0.2495357397087891
0.2562125526085792
0.2474498614739105
0.3020109935828931
0.3637519991958539
0.4111410454583718
0.4193523922131623
0.4184023012341356
0.4843547190756807
0.5225204239541412
0.4264806549528023
0.3421792273348633
0.3637807488403909
0.4461914895779523
0.3775114863182856
0.3121593095479133
0.3684353027752943
0.4009142541477164
0.3093312120589146
0.2887184094044507
0.3307023589550054
0.2946286165968698
0.2315282910464108
0.2425741390213927
0.2542016539155623
0.1958619178375181
0.1699800218670189
0.1866943139743397
0.1604155931946719
0.1948004361259038
0.1793746827083107
0.2026343197551982
0.1988351015175859
0.2265587065580776
0.2116708899089818
0.2538002903271265
0.2375080721683864
0.2494555810196883
0.2410161780874933
0.2146806366118139
0.1887903532028400
0.2123652545406373
0.2812923213045225
0.3365394472613797
0.3323042324613107
0.3364484720745408
0.2988277101889136
0.3466187911079079
0.3218600574086279
0.3070416741816446
0.2774473671291700
0.2314694791857040
0.1983912544752536
0.2413291608361336
0.2199056755701793
0.2570384471535114
0.2274448959313491
0.2495279321034690
0.2949955980073948
0.3515887987433162
0.3494107888629840
0.3612218415096540
0.4119686579520602
0.5134529032607220
0.4924775226431408
0.5920813779694616
0.5269137239440217
0.4719137788338871
0.4235354768296347
0.4095807445019729
0.3674439505825353
0.3114265236570266
0.2698731810934899
0.2153265242538208
0.1986227705330285
0.1535251213772271
0.1582666136827586
0.1946204084509207
0.1768488917944289
0.1859453187386114
0.2443785938969789
0.2599904780468112
0.2346097537033057
0.2632455633900511
0.3366317389125385
0.3256739198303527
0.2927398477912420
0.3535738048488249
0.3714599946677398
0.4668492059363220
0.4855524018898959
0.5957861300614599
0.5695085668744009
0.4935848329355742
0.4410170503883480
0.3526347947411468
0.3067163671794502
0.2393822371662248
0.1956727635537766
0.1770974326880881
0.1867482055238247
0.1762993683727818
0.2039741359710394
0.2536570234511292
0.2376931045488420
0.2213471089747528
0.2757239634060771
0.3223235391721013
0.2821039300937204
0.2746185302687787
0.3458712319255590
0.3689886312330642
0.4586742692220038
0.5108880223474490
0.5173909806773820
0.4501565872709462
0.4445420482172221
0.3580891732009736
0.3323126475564919
0.4020518572206621
0.5004576297253629
0.5916643879998613
0.5193230602051417
0.5769222483804590
0.5108217005313951
0.5290114631066029
0.4476508305772487
0.4806615795293251
0.5382627020806374
0.6306305061544873
0.6195166508921761
0.5590874607462069
0.4461997681223551
0.4128179822756746
0.4439321202723853
0.5556292798708840
0.5533623863019094
0.4939939072789746
0.5103499261306312
0.5650971175481914
0.6564941875592062
0.5982875369254582
0.4844877236308687
0.4238338819840934
0.4626758125563236
0.5492862223245963
0.4734606710890243
0.4301137115344880
0.4765075217563699
0.4669771115056889
0.3816537591480734
0.3171177279889278
0.2755806837751539
0.2253281956262955
0.1957808896931617
0.1634603368445317
0.1392463278920587
0.1147416677347192
0.0910062955639643
0.0816923202965628
0.0618275032522727
0.0641793674675782
0.0825247572517499
0.0810926997866243
0.0958829905532308
